0.325521
0.316406
0.321615
0.316406
0.307292
0.290365
0.315104
0.329427
0.328125
0.346354
0.342448
0.355469
0.348958
0.348958
0.339844
0.345052
0.365885
0.38151
0.419271
0.407552
0.441406
0.480469
0.454427
0.463542
0.46224
0.467448
0.458333
0.490885
0.454427
0.513021
0.5
0.502604
0.455729
0.4375
0.447917
0.502604
0.492188
0.453125
0.419271
0.429688
0.401042
0.416667
0.434896
0.398438
0.416667
0.401042
0.377604
0.416667
0.411458
0.393229
0.375
0.351563
0.367188
0.367188
0.380208
0.377604
0.398438
0.408854
0.414063
0.385417
0.372396
0.377604
0.40625
0.424479
0.382813
0.385417
0.364583
0.393229
0.351563
0.356771
0.364583
0.359375
0.348958
0.328125
0.320313
0.3125
0.291667
0.273438
0.304688
0.270833
0.247396
0.276042
0.263021
0.255208
0.257813
0.299479
0.304688
0.273438
0.255208
0.260417
0.257813
0.257813
0.25
0.247396
0.236979
0.221354
0.247396
0.255208
0.263021
0.260417
0.255208
0.255208
0.276042
0.244792
0.244792
0.294271
0.291667
0.304688
0.322917
0.341146
0.338542
0.328125
0.335938
0.348958
0.317708
0.309896
0.3125
0.3125
0.302083
0.325521
0.315104
0.325521
0.346354
0.341146
0.341146
0.307292
0.283854
0.338542
0.369792
0.390625
0.375
0.351563
0.364583
0.34375
0.376302
0.382813
0.429688
0.386719
0.414063
0.419271
0.367188
0.372396
0.40625
0.361979
0.388021
0.414063
0.403646
0.419271
0.479167
0.4375
0.445313
0.476563
0.460938
0.471354
0.489583
0.450521
0.455729
0.484375
0.49349
0.502604
0.455729
0.505208
0.476563
0.515625
0.580729
0.570313
0.598958
0.609375
0.591146
0.588542
0.666667
0.776042
0.786458
0.786458
0.760417
0.885417
0.838542
0.8125
0.807292
0.791667
0.791667
0.927083
0.921875
0.864583
0.890625
0.859375
0.880208
0.848958
0.802083
0.791667
0.765625
0.859375
0.869792
0.890625
0.859375
0.869792
0.848958
0.856771
0.869792
0.890625
0.864583
0.786458
0.734375
0.71875
0.697917
0.671875
0.760417
0.776042
0.734375
0.776042
0.755208
0.75
0.661458
0.692708
0.692708
0.708333
0.71875
0.734375
0.65625
0.645833
0.664063
0.708333
0.609375
0.65625
0.630208
0.578125
0.598958
0.552083
0.619792
0.734375
0.739583
0.71875
0.776042
0.75
0.729167
0.744792
0.65625
0.645833
0.59375
0.619792
0.65625
0.567708
0.557292
0.588542
0.59375
0.59375
0.59375
0.59375
0.526042
0.578125
0.588542
0.59375
0.635417
0.645833
0.661458
0.625
0.635417
0.59375
0.604167
0.583333
0.53125
0.520833
0.5625
0.583333
0.567708
0.588542
0.588542
0.578125
0.552083
0.588542
0.572917
0.567708
0.549479
0.536458
0.505208
0.5
0.541667
0.5625
0.552083
0.59375
0.598958
0.614583
0.598958
0.546875
0.541667
0.541667
0.53125
0.53125
0.546875
0.546875
0.5
0.479167
0.473958
0.515625
0.536458
0.546875
0.578125
0.59375
0.59375
0.611979
0.638021
0.59375
0.609375
0.588542
0.572917
0.635417
0.609375
0.588542
0.635417
0.598958
0.609375
0.578125
0.53125
0.567708
0.567708
0.546875
0.526042
0.59375
0.59375
0.645833
0.583333
0.609375
0.546875
0.533854
0.567708
0.536458
0.513021
0.5
0.479167
0.463542
0.40625
0.369792
0.411458
0.375
0.401042
0.416667
0.46875
0.479167
0.46875
0.421875
0.432292
0.401042
0.416667
0.401042
0.401042
0.432292
0.419271
0.442708
0.421875
0.432292
0.46875
0.463542
0.463542
0.46875
0.453125
0.4375
0.515625
0.572917
0.604167
0.65625
0.723958
0.755208
0.739583
0.786458
0.75
0.71875
0.817708
0.828125
0.901042
0.921875
0.890625
0.911458
0.963542
0.942708
0.921875
0.833333
0.916667
0.833333
0.885417
0.859375
0.9375
0.963542
0.953125
1.020833
0.963542
0.979167
1.028646
1.067708
1.083333
1.104167
1.114583
1.130208
1.145833
1.203125
1.286458
1.244792
1.03125
0.671875
0.8125
0.804688
0.765625
0.671875
0.679688
0.671875
0.761719
0.828125
0.835938
0.84375
0.804688
0.835938
0.765625
0.796875
0.75
0.804688
0.828125
0.875
0.945313
0.976563
0.984375
0.875
0.914063
1.015625
0.960938
0.96875
0.976563
1.007813
0.992188
0.929688
0.9375
1
1.0625
1.078125
1.125
1.125
1.09375
1.125
1.070313
1.0625
1.0625
0.984375
0.953125
0.875
0.875
0.875
0.890625
0.898438
0.84375
0.773438
0.796875
0.875
0.777344
0.78125
0.75
0.617188
0.625
0.65625
0.679688
0.710938
0.703125
0.742188
0.75
0.75
0.742188
0.789063
0.851563
0.773438
0.835938
0.789063
0.828125
0.824219
0.765625
0.757813
0.820313
0.828125
0.921875
0.90625
0.898438
0.914063
0.945313
1.023438
1
1.039063
0.976563
0.945313
0.960938
0.90625
0.914063
0.9375
0.914063
0.929688
1
0.953125
0.914063
0.960938
0.945313
0.925781
0.976563
0.992188
1.007813
1.039063
0.953125
1.09375
1
0.960938
1.023438
1.0625
1.085938
1.101563
1.046875
0.960938
1.039063
1.078125
1.117188
1.101563
1.179688
1.21875
1.21875
1.257813
1.226563
1.203125
1.265625
1.257813
1.3125
1.328125
1.289063
1.289063
1.335938
1.25
1.226563
1.328125
1.40625
1.414063
1.484375
1.484375
1.4375
1.5
1.4375
1.46875
1.46875
1.5625
1.40625
1.34375
1.15625
1.1875
1.0625
1.140625
1.03125
1.015625
1.007813
1.023438
1.03125
1.039063
0.960938
1.078125
1.039063
1.101563
1.132813
1.15625
1.09375
1.179688
1.179688
1.09375
1.242188
1.1875
1.195313
1.21875
1.367188
1.367188
1.476563
1.507813
1.527344
1.578125
1.476563
1.515625
1.46875
1.359375
1.460938
1.492188
1.695313
1.640625
1.625
1.515625
1.65625
1.515625
1.601563
1.742188
1.625
1.507813
1.453125
1.460938
1.335938
1.453125
1.46875
1.421875
1.515625
1.5
1.460938
1.570313
1.539063
1.484375
1.34375
1.304688
1.304688
1.25
1.3125
1.375
1.335938
1.3125
1.351563
1.289063
1.28125
1.273438
1.296875
1.390625
1.335938
1.492188
1.5625
1.640625
1.945313
1.953125
1.875
2.015625
2.101563
2.101563
1.984375
1.9375
1.992188
1.984375
1.75
1.726563
1.609375
1.617188
1.609375
1.640625
1.671875
1.507813
1.515625
1.5625
1.5625
1.554688
1.640625
1.726563
1.75
1.765625
1.742188
1.804688
1.882813
1.828125
1.867188
1.742188
1.804688
1.90625
2.023438
2.023438
2.015625
1.945313
2.078125
1.976563
2.101563
2.09375
2.164063
2.1875
2.195313
2.21875
2.453125
2.46875
2.664063
2.820313
2.71875
3.09375
3.492188
3.492188
3.34375
3.34375
3.445313
3.601563
3.648438
3.625
3.695313
3.5625
3.570313
3.375
3.554688
3.140625
2.855469
2.992188
3.210938
3.0625
3.234375
3.46875
3.757813
3.53125
3.460938
3.40625
3.390625
3.53125
3.140625
3.234375
3.265625
3.5625
3.734375
3.9375
3.96875
3.9375
4.078125
4.046875
4.3125
4.453125
4.421875
4.078125
4.023438
3.953125
3.796875
3.921875
3.515625
3.828125
3.5625
3.554688
3.640625
3.890625
3.890625
4.125
4.265625
4.046875
4.09375
3.84375
3.96875
4.1875
4.265625
4.375
4.289063
4.484375
4.34375
4.09375
4.265625
3.8125
3.78125
3.796875
3.71875
3.65625
3.75
3.828125
3.9375
3.75
3.71875
3.65625
3.671875
3.703125
3.703125
3.625
3.6875
3.5625
3.765625
3.953125
4.125
3.984375
4.078125
4.1875
3.953125
3.859375
3.734375
3.65625
3.773438
3.90625
3.773438
3.8125
4.132813
3.96875
3.921875
3.921875
3.609375
3.9375
3.976563
4.054688
4.28125
4.273438
4.445313
4.585938
4.835938
4.929688
4.890625
5.09375
5.03125
5.054688
5.382813
5.296875
5.4375
5.945313
5.796875
6.46875
6.765625
6.804688
6.976563
7.257813
7.328125
7.070313
7.3125
8.21875
7.921875
8.578125
9.5625
7.921875
8.40625
7.8125
8.25
8.109375
7.554688
7.671875
8.1875
7.78125
7.5625
7.576172
7.703125
7.828125
8.28125
8.5625
9.03125
8.515625
7.96875
7.9375
7.75
7.96875
7.28125
7.375
7.171875
7.265625
7.078125
6.421875
6.9375
7.140625
7.25
7.15625
7.59375
7.015625
6.75
7.46875
7.046875
7.140625
7.296875
7.46875
8.203125
8.609375
8.578125
8.640625
8.921875
8.890625
9.390625
9.40625
9.140625
8.921875
9.21875
9.03125
8.8125
9.078125
9.25
9.84375
10.265625
10.09375
10.171875
9.890625
10.171875
11.015625
12.078125
12.09375
12.71875
13.328125
13.703125
13.234375
13.609375
15.25
14.53125
15.234375
15.75
15.71875
16.671875
16.859375
17.015625
17.390625
18.21875
18.046875
18.861328
20.4375
19.71875
19.28125
17.984375
17.640625
17.90625
17.015625
16.203125
17.34375
18.25
16.515625
17.125
18.03125
19.8125
20.015625
19.40625
20.421875
19.25
18.484375
18.203125
18.25
17.828125
18.210938
19.3125
21.546875
22.3125
23.375
24.3125
22.9375
23.890625
23.28125
23.921875
23.546875
23.890625
23.421875
23.53125
23.375
21.0625
19.660156
19.609375
19.328125
20
19.921875
19.625
19.53125
17.5625
18.1875
17.90625
18.265625
17.703125
18.78125
19.25
20.625
21.859375
21.15625
23.25
22.453125
19.5625
19.265625
18.875
19.65625
19.046875
18.46875
18.734375
20.0625
20.5625
20.96875
20
18.859375
17.28125
17.484375
16.8125
17.46875
19.21875
18.140625
19.9375
20.59375
20.5625
20.90625
21.5625
21.4375
21.296875
19.21875
20.296875
21.1875
20.3125
22.109375
20.640625
21.21875
20.78125
21.765625
22.4375
23.71875
26.296875
27.96875
27.671875
29.15625
28.625
30.125
31.421875
29.984375
33.453125
34.359375
32.46875
35.171875
32.46875
32.296875
31.9375
29.703125
29.4375
29.71875
29.78125
29.390625
30.46875
30.8125
28.5625
31.34375
30.59375
30.5625
28.78125
28.625
26.90625
26.96875
27.40625
27.875
27.78125
32.4375
33.1875
33.5625
31.4375
34.9375
35.9375
39.625
40.25
41.53125
44.5
43.28125
42.34375
38.34375
37.09375
38.09375
35.28125
36.5
38.8125
40.78125
38.09375
40.4375
40.125
39.40625
35.625
41.4375
41.71875
41.632813
42.875
50.148438
51.117188
46.8125
52.46875
53.15625
52.4375
55.8125
59
59.40625
64.96875
69.8125
65.6875
68.75
55
55.5
63.96875
61.125
57.28125
58.75
59.625
66.3125
63.90625
64.21875
67.90625
67.0625
68.875
73.3125
69.09375
65.4375
62.625
64.4375
72.671875
73.25
71.0625
65.5625
58.375
50.0625
42.9375
40.4375
39.125
43.6875
45.953125
46.625
37
41
45.4375
35.125
35.125
34.1875
33.125
30.6875
31.5
32.1875
32.6875
35.25
35.0625
33.6875
34.0625
30.5625
29.875
28.5
27.5
29.5
26.0625
23.690001
26.77
31.07
30.85
31.049999
28.049999
28.370001
28.959999
29.120001
30.17
27.870001
28
29.58
28.530001
30.030001
29.969999
29.51
30.43
30.67
28.07
29.02
27.559999
25.530001
24.26
20
20.209999
21.379999
24.49
24.120001
25.6
26.75
27.610001
30.809999
31.43
32.290001
32.889999
33.099998
32.16
32.150002
36.02
34.299999
33.549999
33.830002
34.630001
32.240002
31.74
29.76
30.950001
33.82
31.93
30.700001
30.139999
29.040001
28.209999
29.940001
28.17
26.5
27.200001
30.6
28.559999
27.43
22.280001
21.66
18.42
18.35
19.26
18.040001
18.469999
18.33
16.68
17.200001
18.610001
18.1
16.469999
16.030001
15.99
14.72
14.25
13.73
14.92
14.22
17.129999
18.870001
17.959999
19.08
20.049999
21.879999
18.450001
17.690001
16.860001
16.440001
16.700001
17.85
16.27
15.49
15.65
15.07
16.41
16.68
17.129999
15.92
17
18.08
16.65
18.049999
16.82
18.549999
18.34
19.24
19.48
19.15
18.690001
21
21.59
21.5
20.700001
21.139999
22.24
24.27
24.6
24.92
24.91
23.620001
25.1
27.559999
28.77
28.879999
28.33
28.6
27.549999
29.68
30.709999
31.610001
31.25
33.330002
34.009998
32.400002
32.5
33.82
31.93
31.5
30.389999
31.540001
32.52
34.27
32.990002
31.700001
30.9
31.1
30.379999
29.99
29.040001
29.059999
27.57
26.26
27.65
28.299999
27.700001
26.41
27.540001
26.049999
26.290001
26.52
27.809999
28.370001
28.440001
28.23
27.85
27.92
26.02
26.059999
22.84
22.860001
24.040001
22.93
21.57
21.82
21.99
20.23
20.77
20.469999
19.969999
21.17
20.68
20.559999
21.219999
22.190001
23.219999
23.559999
23.959999
23.299999
23.92
22.66
22.799999
23.65
23.639999
22.91
22.870001
22.49
22.450001
22.93
24.040001
23.77
24.16
24.68
24.25
23.459999
23.34
23.1
23.299999
22.23
23.33
23.5
24.41
25.07
26.5
27.26
27.4
26.91
26.92
26.15
26.129999
27.389999
28.209999
26.85
27.24
26.870001
26.25
25.75
25.360001
25.48
25.32
24.799999
24.459999
24.74
23.85
23.18
23.26
23.440001
24.08
25.200001
25.33
26.940001
27.280001
26.190001
26.370001
26.030001
25.190001
26.389999
25.59
21.92
21.83
20.85
21.18
20.66
20.469999
20.43
19.950001
19.450001
19.620001
19.68
19.299999
19.41
18.93
20.059999
19.639999
19.059999
18.129999
18.209999
18.26
17.25
18.51
18.15
19.27
18.639999
17.84
17.18
18.08
17.379999
17.540001
18.299999
19.059999
19.950001
19.25
19.459999
19.17
20.559999
20.52
21.93
21.280001
21.02
20.42
20.610001
21.870001
21.469999
21.09
20.620001
21.049999
20.030001
20.450001
21.25
22.1
20.92
20.799999
21.219999
20.93
21.059999
20.809999
18.98
19.110001
19.200001
19.26
19.15
19.879999
20.41
22.030001
21.780001
21.92
22.360001
22.700001
22.17
22.24
21.75
24.18
23.75
23.879999
24.809999
25.93
24.620001
23.620001
24.049999
24.190001
23.799999
24.709999
25.82
25.92
24.870001
25.98
26.040001
25.5
25.639999
25.950001
26.049999
26.58
25.41
25.450001
25.040001
26.030001
27.559999
26.23
26.82
26.629999
22.799999
22.889999
18.200001
19.879999
21.74
20.4
20.4
19.75
20.059999
20.110001
20.17
21.76
20.709999
21.92
21.120001
22.5
22.43
23.379999
23.360001
25.200001
23.290001
23.049999
23.08
22.450001
22.5
21.41
20.780001
21.02
22.200001
21.870001
22.4
24.1
24.299999
23.27
23.27
20.98
19.459999
19.139999
18.76
16.969999
16.18
15.5
14.06
16.129999
15.01
13.21
13.33
13.46
13.56
14.75
14.48
14.24
15.07
14.16
13.56
13.08
12.82
14.64
13.56
12.9
12.51
12.33
14.79
15.02
15.09
15.65
15.81
15.36
15.31
16.290001
15.09
15.32
15.01
16.030001
15.86
16.049999
15.9
16.450001
16.610001
16.15
18.860001
19.290001
19.48
18.6
18.43
18.969999
20.09
19.879999
19.309999
19.469999
19.41
19.120001
20.379999
20.290001
19.780001
19.049999
19.15
20.110001
19.48
19.110001
20.209999
20.02
19.98
20.41
20.790001
21.110001
20.9
20.24
19.469999
19.48
20.620001
20.950001
20.68
20.809999
21.16
21.870001
22.42
22.48
22.690001
23.91
24.08
22.98
22.290001
21.75
20.950001
21.299999
20.940001
20.950001
21.67
20.110001
19.549999
20.309999
21.17
21.68
20.9
20.790001
19.139999
18.92
18.25
18.360001
18.219999
18.889999
19.4
19.25
19.59
19.26
19.950001
20.35
21.34
21.65
20.92
21.15
21.610001
22.01
21.389999
20.75
21.01
20.709999
21.030001
21.030001
21.549999
21.74
21.629999
21.950001
21.75
21.690001
20.66
19.9
20.440001
19.790001
20.07
19.530001
21.370001
23.02
23.129999
23.32
22.92
22.450001
21.74
21.43
21.190001
21.17
22.690001
22.84
22.290001
22.940001
22.57
20.24
20.75
19.549999
19.940001
19.25
19.530001
21.77
22.16
21.18
22.48
23.32
24.049999
24.57
23.700001
24.780001
24.030001
23.280001
25.030001
24.18
23.389999
24.450001
24.620001
25.4
25.18
26.35
26.51
26.549999
26.83
27.34
26.52
26.91
27
27.66
28.01
28.040001
27.73
28.26
27.33
28.42
27.83
27.35
26.059999
26.040001
25.280001
26.549999
27.290001
26.6
26.51
26.049999
25.23
25.049999
25.98
26.219999
26.76
26.219999
24.860001
25.030001
23.950001
23.290001
22.93
22.75
22.620001
21.530001
21.4
22.01
22.02
20.879999
19.99
19.690001
19.879999
20.15
20.549999
20.65
20.25
21.280001
21.98
21.280001
21.01
21.299999
21
21.18
20.57
21.16
21.530001
21.24
21.389999
21.67
20.889999
21.5
22.48
23.440001
24.17
24.41
24.08
24.16
24.879999
24.709999
25.110001
24.08
24.35
23.860001
23.84
23.07
23.17
23
22.48
22.08
22.4
22.209999
22.719999
23.629999
23.700001
22.719999
22.709999
23.09
23.940001
24.18
24.32
24.040001
24.610001
24.02
24
24.84
24.33
25.27
25.67
25.77
25.629999
25.790001
24.77
24.5
24.110001
24.67
24.51
24.549999
24.610001
24.639999
25.209999
25.65
26.299999
26.309999
27.049999
26.17
26.16
26.41
25.75
26.33
27.309999
28.1
29.719999
30.1
30.870001
31.09
31.41
33.549999
34.23
33.790001
32.82
34.259998
35.09
34.759998
34.959999
34.709999
34.779999
34.060001
34.150002
31.719999
31.040001
33.080002
33.810001
33.43
33.82
35.889999
37.209999
37.459999
36.389999
36.389999
37.450001
36.200001
36.900002
36.099998
36.189999
33.060001
33
34.400002
34.400002
33.290001
33.200001
30.93
31.290001
31.66
30.809999
31.809999
32.610001
32.080002
33.27
32.68
32.98
33.27
34.369999
31.809999
31.120001
32.259998
30.700001
30.24
29.27
29.620001
28.07
29
29.07
28.83
25.200001
28.33
28.98
29.469999
29.09
28.68
30.73
32.16
32.880001
34.77
33.73
33.599998
32.09
34.66
34.549999
34.790001
34.380001
34.110001
34.950001
33.880001
31.809999
29.98
29.99
30.719999
28.74
28.75
29.110001
29.719999
30.59
31.66
32.23
31.870001
32.200001
31.9
31.43
31.360001
30.450001
30.08
29.9
30.23
31.51
31.639999
32.049999
32.07
31.41
32.5
34.040001
35.18
34.619999
34.82
34.900002
34.700001
35.200001
35.48
36.380001
35.189999
37.689999
36.919998
37.689999
38.25
37.549999
35.43
34.919998
34.240002
34.560001
35.099998
35.43
34.310001
35.779999
36.34
36.91
36.610001
36.48
36.669998
37.07
37.740002
36.509998
35.57
36.529999
36.419998
35.790001
35.849998
35.369999
35.07
36.189999
36.02
35.439999
36.669998
36.110001
36.73
35.529999
35.48
36.27
36.299999
35.59
35.610001
34.259998
33.509998
33.25
34.740002
34.73
35.470001
36.389999
36.119999
35.09
34.779999
35.02
35.490002
37
37.049999
38.119999
39.68
39.709999
40.549999
44.48
46.599998
45.259998
44.73
44.419998
45.02
43.279999
45.150002
46.279999
46.380001
44.27
43.549999
44.799999
49.599998
46.349998
44.150002
45.459999
48.200001
48.57
51.860001
50.740002
50.740002
51.689999
49.16
52.290001
51.689999
52.560001
52.860001
54.77
54.360001
55.119999
57.009998
54.799999
54.299999
51.169998
49.040001
51.639999
52.150002
51.77
47.630001
48.77
48.919998
47.049999
48
48.380001
46.560001
45.290001
46.310001
46.790001
46.959999
44.630001
44.5
46.5
47.34
47.709999
48.610001
47.27
50
46.279999
47.860001
44.630001
47.09
47.099998
48.459999
48.959999
46.130001
48.619999
49.02
51.349998
53.060001
53.75
52.880001
54.419998
52.970001
54.34
55.279999
56.459999
58.150002
52.169998
50.25
45.330002
44
44.66
44.25
46.23
46.139999
47.400002
49.290001
47.619999
50
50.009998
51.529999
47.759998
45.759998
47.459999
45.82
47.119999
51.060001
51.900002
50.830002
51.189999
50.700001
51.900002
51.52
56.380001
56.93
57.970001
57.700001
58
58.549999
56.540001
58.209999
59.060001
59.990002
59.59
59.169998
59.810001
66.720001
64.459999
66.690002
