COSC 120
Computer Science I

985397364
1874689969
1210336410
104046083
1029373631
503856449
935581333
192500558
376386113
557489736
1669773219
1827336351
44530835
463917929
666248261
1039228229
570346299
2131139930
229390601
2120911497
1094229170
342403795
1574243923
1360630877
230547139
2011901039
256068836
150889769
2068799188
901248785
1547925997
906712904
628455107
610778759
1010758987
1657828738
1114635209
1946340320
1850329296
1491021322
356346409
1372618867
1170874025
400877244
1836536797
1837122286
1440105473
259399448
1820778569
1669496074
232827297
767524091
2011899869
1807071220
2128154968
94963361
1671488612
236740157
245853130
1592804152
1137988942
1793779127
352033409
1766444049
257074239
1362792396
1276789140
1371709448
1161649069
979634788
715247122
1517995478
204770008
1886121147
1918872722
2041306805
1575759785
1211494547
153222605
1249054706
733506973
386049902
2016578797
597923194
45637474
1997250118
692886555
1717126086
86506627
938739686
1162446591
1224495569
585035165
1514480000
843455971
842109404
729788748
2120245111
66335204
1891437817
